Archivable: true
CFrame:
    Orientation:
        R00: 0.9884719252586365
        R01: -0.09514312446117401
        R02: 0.11777591705322266
        R10: 7.450580596923828e-09
        R11: 0.777888298034668
        R12: 0.6284027099609375
        R20: -0.15140469372272491
        R21: -0.6211584210395813
        R22: 0.7689206600189209
    Position:
        X: -15.596712112426758
        "Y": 11.026997566223145
        Z: 3.2383790016174316
CameraSubject: nil
CameraType: Enum.CameraType.Fixed
Capabilities: ""
ClassName: Camera
DiagonalFieldOfView: 127.6971435546875
FieldOfView: 70
FieldOfViewMode: Enum.FieldOfViewMode.Vertical
Focus:
    Orientation:
        R00: 1
        R01: 0
        R02: 0
        R10: 0
        R11: 1
        R12: 0
        R20: 0
        R21: 0
        R22: 1
    Position:
        X: -15.832263946533203
        "Y": 9.77019214630127
        Z: 1.7005376815795898
HeadLocked: true
HeadScale: 1
MaxAxisFieldOfView: 102.3895492553711
Name: Camera
Parent: Workspace
Sandboxed: false
VRTiltAndRollEnabled: false
