Archivable: true
CFrame:
    Orientation:
        R00: 0.08573786914348602
        R01: -0.9623706340789795
        R02: 0.2578601539134979
        R10: 0
        R11: 0.25881317257881165
        R12: 0.9659273624420166
        R20: -0.9963178038597107
        R21: -0.08281655609607697
        R22: 0.022190092131495476
    Position:
        X: -15.104032516479492
        "Y": 5.041907787322998
        Z: -10.65611743927002
CameraSubject: nil
CameraType: Enum.CameraType.Fixed
Capabilities: ""
ClassName: Camera
DiagonalFieldOfView: 137.78558349609375
FieldOfView: 70
FieldOfViewMode: Enum.FieldOfViewMode.Vertical
Focus:
    Orientation:
        R00: 1
        R01: 0
        R02: 0
        R10: 0
        R11: 1
        R12: 0
        R20: 0
        R21: 0
        R22: 1
    Position:
        X: -15.619752883911133
        "Y": 3.1100528240203857
        Z: -10.7004976272583
HeadLocked: true
HeadScale: 1
MaxAxisFieldOfView: 110.7873764038086
Name: Camera
Parent: Workspace
Sandboxed: false
VRTiltAndRollEnabled: false
