Archivable: true
Axis:
    X: -1
    "Y": 0
    Z: 0
CFrame:
    Orientation:
        R00: -1
        R01: 0
        R02: 0
        R10: 0
        R11: 0
        R12: -1
        R20: 0
        R21: -1
        R22: 0
    Position:
        X: -2.1123809814453125
        "Y": 0
        Z: 0.337066650390625
Capabilities: ""
ClassName: Attachment
Name: holdAttachment2
Orientation:
    X: 90
    "Y": 180
    Z: 0
Parent: Handle2
Position:
    X: -2.1123809814453125
    "Y": 0
    Z: 0.337066650390625
Sandboxed: false
SecondaryAxis:
    X: 0
    "Y": 0
    Z: -1
Visible: true
WorldAxis:
    X: 0
    "Y": 0
    Z: 1
WorldCFrame:
    Orientation:
        R00: 0
        R01: -1
        R02: 0
        R10: 0
        R11: 0
        R12: -1
        R20: 1
        R21: 0
        R22: 0
    Position:
        X: -19.696428298950195
        "Y": 1.54315185546875
        Z: -5.028114318847656
WorldOrientation:
    X: 90
    "Y": -90
    Z: 0
WorldPosition:
    X: -19.696428298950195
    "Y": 1.54315185546875
    Z: -5.028114318847656
WorldSecondaryAxis:
    X: -1
    "Y": 0
    Z: 0
