Archivable: true
C0:
    Orientation:
        R00: 0
        R01: 0
        R02: 1
        R10: 0
        R11: 1
        R12: 0
        R20: -1
        R21: 0
        R22: 0
    Position:
        X: -4.510166168212891
        "Y": -1.04315185546875
        Z: 0.0005235671997070312
C1:
    Orientation:
        R00: 1
        R01: 0
        R02: 0
        R10: 0
        R11: 1
        R12: 0
        R20: 0
        R21: 0
        R22: 1
    Position:
        X: -0.0003814697265625
        "Y": -1.04315185546875
        Z: -2.1730995178222656
Capabilities: ""
ClassName: Motor6D
CurrentAngle: 0
DesiredAngle: 0
Enabled: true
MaxVelocity: 0
Name: Handle2
Parent: carryPart
Part0: carryPart
Part1: Handle2
Sandboxed: false
Transform:
    Orientation:
        R00: 1
        R01: 0
        R02: 0
        R10: 0
        R11: 1
        R12: 0
        R20: 0
        R21: 0
        R22: 1
    Position:
        X: 0
        "Y": 0
        Z: 0
