WorldPosition:
  Y: 2
  X: -25.999107360839844
  Z: -2.22772216796875
WorldOrientation:
  Y: 0
  X: 0
  Z: 0
CFrame:
  Orientation:
    R11: 1
    R01: 0
    R21: 0
    R22: 1
    R20: 0
    R00: 1
    R10: 0
    R02: 0
    R12: 0
  Position:
    Y: -1
    X: 0
    Z: 0.5
WorldSecondaryAxis:
  Y: 1
  X: 0
  Z: 0
SecondaryAxis:
  Y: 1
  X: 0
  Z: 0
WorldCFrame:
  Orientation:
    R11: 1
    R01: 0
    R21: 0
    R22: 1
    R20: 0
    R00: 1
    R10: 0
    R02: 0
    R12: 0
  Position:
    Y: 2
    X: -25.999107360839844
    Z: -2.22772216796875
Archivable: true
Capabilities: ''
Sandboxed: false
ClassName: Attachment
Visible: false
Name: WaistBackAttachment
WorldAxis:
  Y: 0
  X: 1
  Z: 0
Orientation:
  Y: 0
  X: 0
  Z: 0
Position:
  Y: -1
  X: 0
  Z: 0.5
Parent: Torso
Axis:
  Y: 0
  X: 1
  Z: 0
