Archivable: true
Axis:
    X: 1
    "Y": 0
    Z: 0
CFrame:
    Orientation:
        R00: 1
        R01: 0
        R02: 0
        R10: 0
        R11: 1
        R12: 0
        R20: 0
        R21: 0
        R22: 1
    Position:
        X: 0
        "Y": 0
        Z: -0.6000000238418579
Capabilities: ""
ClassName: Attachment
Name: FaceFrontAttachment
Orientation:
    X: 0
    "Y": 0
    Z: 0
Parent: Head
Position:
    X: 0
    "Y": 0
    Z: -0.6000000238418579
Sandboxed: false
SecondaryAxis:
    X: 0
    "Y": 1
    Z: 0
Visible: false
WorldAxis:
    X: 1
    "Y": 0
    Z: 0
WorldCFrame:
    Orientation:
        R00: 1
        R01: 0
        R02: 0
        R10: 0
        R11: 1
        R12: 0
        R20: 0
        R21: 0
        R22: 1
    Position:
        X: -25.999107360839844
        "Y": 4.5
        Z: -3.3277220726013184
WorldOrientation:
    X: 0
    "Y": 0
    Z: 0
WorldPosition:
    X: -25.999107360839844
    "Y": 4.5
    Z: -3.3277220726013184
WorldSecondaryAxis:
    X: 0
    "Y": 1
    Z: 0
