Archivable: true
Axis:
    X: 0
    "Y": 1
    Z: 0
CFrame:
    Orientation:
        R00: 0
        R01: -1
        R02: 0
        R10: 1
        R11: 0
        R12: 0
        R20: 0
        R21: 0
        R22: 1
    Position:
        X: -2
        "Y": 0
        Z: 0
Capabilities: ""
ClassName: Attachment
Name: carryAttachment2
Orientation:
    X: 0
    "Y": 0
    Z: 90
Parent: carryPart
Position:
    X: -2
    "Y": 0
    Z: 0
Sandboxed: false
SecondaryAxis:
    X: -1
    "Y": 0
    Z: 0
Visible: false
WorldAxis:
    X: 0
    "Y": 1
    Z: 0
WorldCFrame:
    Orientation:
        R00: 0
        R01: -1
        R02: 0
        R10: 1
        R11: 0
        R12: 0
        R20: 0
        R21: 0
        R22: 1
    Position:
        X: -19.696428298950195
        "Y": 1.54315185546875
        Z: -7.140637397766113
WorldOrientation:
    X: 0
    "Y": 0
    Z: 90
WorldPosition:
    X: -19.696428298950195
    "Y": 1.54315185546875
    Z: -7.140637397766113
WorldSecondaryAxis:
    X: -1
    "Y": 0
    Z: 0
