WorldPosition:
  Y: 1.54315185546875
  X: -19.696428298950195
  Z: -7.140637397766113
WorldOrientation:
  Y: 0
  X: 0
  Z: 90
CFrame:
  Orientation:
    R11: 0
    R01: -1
    R21: 0
    R22: 1
    R20: 0
    R00: 0
    R10: 1
    R02: 0
    R12: 0
  Position:
    Y: 0
    X: -2
    Z: 0
WorldSecondaryAxis:
  Y: 0
  X: -1
  Z: 0
SecondaryAxis:
  Y: 0
  X: -1
  Z: 0
WorldCFrame:
  Orientation:
    R11: 0
    R01: -1
    R21: 0
    R22: 1
    R20: 0
    R00: 0
    R10: 1
    R02: 0
    R12: 0
  Position:
    Y: 1.54315185546875
    X: -19.696428298950195
    Z: -7.140637397766113
Archivable: true
Capabilities: ''
Sandboxed: false
ClassName: Attachment
Visible: false
Name: carryAttachment2
WorldAxis:
  Y: 1
  X: 0
  Z: 0
Orientation:
  Y: 0
  X: 0
  Z: 90
Position:
  Y: 0
  X: -2
  Z: 0
Parent: carryPart
Axis:
  Y: 1
  X: 0
  Z: 0
