Archivable: true
Axis:
    X: 1
    "Y": 0
    Z: 0
CFrame:
    Orientation:
        R00: 1
        R01: 0
        R02: 0
        R10: 0
        R11: 1
        R12: 0
        R20: 0
        R21: 0
        R22: 1
    Position:
        X: -1
        "Y": 1
        Z: 0
Capabilities: ""
ClassName: Attachment
Name: LeftCollarAttachment
Orientation:
    X: 0
    "Y": 0
    Z: 0
Parent: Torso
Position:
    X: -1
    "Y": 1
    Z: 0
Sandboxed: false
SecondaryAxis:
    X: 0
    "Y": 1
    Z: 0
Visible: false
WorldAxis:
    X: 1
    "Y": 0
    Z: 0
WorldCFrame:
    Orientation:
        R00: 1
        R01: 0
        R02: 0
        R10: 0
        R11: 1
        R12: 0
        R20: 0
        R21: 0
        R22: 1
    Position:
        X: -26.999107360839844
        "Y": 4
        Z: -2.72772216796875
WorldOrientation:
    X: 0
    "Y": 0
    Z: 0
WorldPosition:
    X: -26.999107360839844
    "Y": 4
    Z: -2.72772216796875
WorldSecondaryAxis:
    X: 0
    "Y": 1
    Z: 0
